445481006 5351 1
445481006 5320 1
445481006 5330 1
445481006 5350 1
445481006 5360 1
445481006 5370 1
445481006 5380 1
445481006 5331 1
445481006 5361 1
445481006 5371 1
445481006 5381 1
445481006 5352 1
445481006 5382 1
4542028 5351 1
4542028 5320 1
4542028 5330 1
4542028 5350 1
4542028 5360 1
4542028 5370 1
4542028 5380 1
4542028 5331 1
4542028 5361 1
4542028 5371 1
4542028 5381 1
4542028 5332 1
4542028 5352 1
4542028 5362 1
4542028 5372 1
4542028 5382 1
4542028 5333 1
4542028 5353 1
4542028 5363 1
4542028 5383 1
4542028 5334 1
4542028 5354 1
4542028 5430 1
4542028 5450 1
4542028 5460 1
4542028 5470 1
4542028 5480 1
4542028 5431 1
4542028 5451 1
4542028 5461 1
4542028 5471 1
4542028 5481 1
4542028 5432 1
4542028 5452 1
4542028 5462 1
4542028 5472 1
4542028 5482 1
4542028 5433 1
4542028 5453 1
4542028 5463 1
4542028 5473 1
4542028 5434 1
4542028 5454 1
6842028 5351 1
6842028 5320 5
6842028 5330 1
6842028 5350 1
6842028 5360 1
6842028 5370 1
6842028 5380 1
6842028 5331 1
6842028 5361 1
6842028 5371 1
6842028 5381 1
6842028 5332 1
6842028 5352 1
6842028 5362 1
6842028 5372 1
6842028 5382 1
6842028 5333 1
6842028 5353 1
6842028 5363 1
6842028 5383 1
6842028 5334 1
6842028 5354 1
6842028 5430 1
6842028 5450 1
6842028 5460 1
6842028 5470 1
6842028 5480 1
6842028 5431 1
6842028 5451 1
6842028 5461 1
6842028 5471 1
6842028 5481 1
6842028 5432 1
6842028 5452 1
6842028 5462 1
6842028 5472 1
6842028 5482 1
6842028 5433 1
6842028 5453 1
6842028 5463 1
6842028 5473 1
6842028 5483 1
6842028 5434 1
6842028 5454 1
275341016 5351 1
275341016 5320 1
275341016 5330 1
275341016 5350 1
275341016 5360 1
275341016 5370 1
275341016 5380 1
275341016 5331 1
275341016 5361 1
275341016 5371 1
275341016 5381 1
275341016 5332 1
275341016 5352 1
275341016 5362 1
275341016 5372 1
275341016 5382 1
275341016 5333 1
275341016 5353 1
275341016 5363 1
275341016 5373 1
275341016 5383 1
275341016 5334 1
275341016 5354 1
275341016 5430 1
275341016 5450 1
275341016 5460 1
275341016 5470 1
275341016 5480 1
275341016 5431 1
275341016 5451 1
275341016 5461 1
275341016 5471 1
275341016 5481 1
275341016 5432 1
275341016 5452 1
275341016 5462 1
275341016 5472 1
275341016 5482 1
275341016 5433 1
275341016 5453 1
275341016 5463 1
275341016 5473 1
275341016 5483 1
275341016 5434 1
275341016 5454 1
25441066 5351 1
25441066 5330 1
25441066 5350 1
25441066 5360 1
25441066 5370 1
25441066 5380 1
25441066 5331 1
25441066 5361 1
25441066 5371 1
25441066 5381 1
25441066 5332 1
25441066 5352 1
25441066 5362 1
25441066 5372 1
25441066 5382 1
1088191002 5351 1
1088191002 5320 5
1088191002 5330 1
1088191002 5350 1
1088191002 5360 1
1088191002 5370 1
1088191002 5380 1
1088191002 5331 1
1088191002 5361 1
1088191002 5371 1
1088191002 5381 1
1088191002 5332 1
1088191002 5352 1
1088191002 5362 1
1088191002 5372 1
1088191002 5382 1
1088191002 5333 1
1088191002 5353 1
1088191002 5363 1
1088191002 5334 1
1088191002 5430 1
1088191002 5450 1
1088191002 5460 1
1088191002 5470 1
1088191002 5480 1
1088191002 5431 1
1088191002 5451 1
1088191002 5461 1
1088191002 5471 1
1088191002 5481 1
1088191002 5432 1
1088191002 5452 1
1088191002 5462 1
1088191002 5472 1
1088191002 5482 1
1088191002 5433 1
15961005 5351 1
15961005 5320 1
15961005 5330 1
15961005 5350 1
15961005 5360 1
15961005 5370 1
15961005 5331 1
15961005 5361 1
15961005 5371 1
15961005 5332 1
15961005 5352 1
15961005 5362 1
15961005 5372 1
15961005 5333 1
15961005 5353 1
15961005 5363 1
205801040 5351 1
205801040 5330 1
205801040 5350 1
205801040 5360 1
205801040 5370 1
205801040 5380 1
205801040 5331 1
205801040 5361 1
205801040 5371 1
205801040 5381 1
205801040 5332 1
205801040 5382 1
205801040 5450 1
205801040 5432 1
205801040 5452 1
205801040 5462 1
205801040 5472 1
205801040 5482 1
205801040 5433 1
205801040 5463 1
205801040 5434 1
377221009 5351 1
377221009 5330 1
377221009 5350 1
377221009 5360 1
377221009 5370 1
377221009 5380 1
377221009 5331 1
377221009 5361 1
377221009 5371 1
377221009 5381 1
377221009 5332 1
377221009 5352 1
377221009 5362 1
377221009 5372 1
377221009 5382 1
26711064 5351 1
26711064 5320 5
26711064 5330 1
26711064 5350 1
26711064 5360 1
26711064 5370 1
26711064 5380 1
26711064 5331 1
26711064 5361 1
26711064 5371 1
26711064 5381 1
26711064 5332 1
26711064 5352 1
26711064 5362 1
26711064 5372 1
26711064 5382 1
26711064 5333 1
26711064 5353 1
26711064 5363 1
26711064 5373 1
26711064 5383 1
26711064 5334 1
26711064 5354 1
26711064 5430 1
26711064 5450 1
26711064 5460 1
26711064 5470 1
26711064 5480 1
26711064 5431 1
26711064 5451 1
26711064 5461 1
26711064 5471 1
26711064 5481 1
26711064 5432 1
26711064 5452 1
26711064 5462 1
26711064 5472 1
26711064 5433 1
26711064 5453 1
26711064 5434 1
26711064 5454 1
394741007 5351 1
394741007 5330 1
394741007 5350 1
394741007 5360 1
394741007 5370 1
394741007 5380 1
394741007 5331 1
394741007 5361 1
394741007 5371 1
394741007 5381 1
394741007 5332 1
394741007 5382 1
394741007 5333 1
394741007 5363 1
1286201014 5351 1
1286201014 5330 1
1286201014 5350 1
1286201014 5360 1
1286201014 5370 1
1286201014 5380 1
1286201014 5331 1
1286201014 5361 1
1286201014 5371 1
1286201014 5381 1
1286201014 5332 1
1286201014 5352 1
1286201014 5372 1
1286201014 5333 1
1286201014 5353 1
1286201014 5363 1
1286201014 5334 1
1286201014 5354 1
249821012 5351 1
249821012 5320 5
249821012 5330 1
249821012 5350 1
249821012 5360 1
249821012 5370 1
249821012 5380 1
249821012 5331 1
249821012 5361 1
249821012 5371 1
249821012 5381 1
249821012 5332 1
249821012 5352 1
249821012 5362 1
249821012 5372 1
249821012 5382 1
249821012 5333 1
249821012 5353 1
249821012 5363 1
249821012 5373 1
249821012 5383 1
249821012 5334 1
249821012 5354 1
249821012 5430 1
249821012 5450 1
249821012 5460 1
249821012 5470 1
249821012 5480 1
249821012 5431 1
249821012 5451 1
249821012 5461 1
249821012 5471 1
249821012 5481 1
249821012 5432 1
249821012 5452 1
249821012 5462 1
249821012 5472 1
249821012 5482 1
249821012 5433 1
249821012 5453 1
249821012 5463 1
249821012 5473 1
249821012 5483 1
249821012 5434 1
249821012 5454 1
504661013 5351 1
504661013 5320 1
504661013 5330 1
504661013 5350 1
504661013 5360 1
504661013 5370 1
504661013 5380 1
504661013 5331 1
504661013 5361 1
504661013 5371 1
504661013 5381 1
504661013 5332 1
504661013 5352 1
504661013 5362 1
504661013 5372 1
504661013 5382 1
504661013 5333 1
504661013 5353 1
504661013 5363 1
504661013 5334 1
504661013 5354 1
504661013 5430 1
504661013 5450 1
504661013 5460 1
504661013 5470 1
504661013 5480 1
504661013 5431 1
504661013 5451 1
504661013 5461 1
504661013 5471 1
504661013 5481 1
504661013 5432 1
504661013 5452 1
504661013 5462 1
504661013 5472 1
504661013 5482 1
504661013 5433 1
504661013 5453 1
504661013 5463 1
504661013 5473 1
504661013 5483 1
504661013 5434 1
504661013 5454 1
890521003 5351 1
890521003 5350 1
890521003 5352 1
945691028 5351 1
945691028 5330 1
945691028 5350 1
945691028 5360 1
945691028 5370 1
945691028 5380 1
945691028 5331 1
945691028 5361 1
945691028 5371 1
945691028 5381 1
945691028 5332 1
945691028 5352 1
945691028 5362 1
945691028 5372 1
945691028 5382 1
945691028 5333 1
945691028 5353 1
945691028 5363 1
945691028 5334 1
945691028 5354 1
157391064 5351 1
157391064 5330 1
157391064 5350 1
157391064 5360 1
157391064 5370 1
157391064 5380 1
157391064 5331 1
157391064 5361 1
157391064 5371 1
157391064 5381 1
157391064 5332 1
157391064 5352 1
157391064 5362 1
157391064 5372 1
157391064 5382 1
157391064 5363 1
1123321003 5351 1
1123321003 5320 1
1123321003 5330 1
1123321003 5350 1
1123321003 5360 1
1123321003 5370 1
1123321003 5380 1
1123321003 5331 1
1123321003 5361 1
1123321003 5371 1
1123321003 5381 1
1123321003 5332 1
1123321003 5352 1
1123321003 5362 1
1123321003 5372 1
1123321003 5382 1
1123321003 5333 1
1123321003 5353 1
1123321003 5363 1
1123321003 5373 1
1123321003 5334 1
1123321003 5354 1
774891010 5351 1
774891010 5320 5
774891010 5330 1
774891010 5350 1
774891010 5360 1
774891010 5370 1
774891010 5380 1
774891010 5331 1
774891010 5361 1
774891010 5371 1
774891010 5381 1
774891010 5332 1
774891010 5352 1
774891010 5362 1
774891010 5372 1
774891010 5382 1
774891010 5333 1
774891010 5353 1
774891010 5363 1
774891010 5373 1
774891010 5334 1
774891010 5354 1
774891010 5430 1
774891010 5450 1
774891010 5460 1
774891010 5470 1
774891010 5480 1
774891010 5431 1
774891010 5451 1
774891010 5461 1
774891010 5471 1
774891010 5481 1
774891010 5432 1
774891010 5452 1
774891010 5462 1
774891010 5472 1
774891010 5433 1
774891010 5453 1
774891010 5463 1
774891010 5473 1
774891010 5434 1
774891010 5454 1
683261009 5351 1
683261009 5320 5
683261009 5330 1
683261009 5350 1
683261009 5360 1
683261009 5370 1
683261009 5331 1
683261009 5361 1
683261009 5371 1
683261009 5332 1
683261009 5352 1
683261009 5362 1
683261009 5372 1
683261009 5333 1
683261009 5353 1
683261009 5363 1
683261009 5373 1
683261009 5334 1
683261009 5354 1
44771008 5351 1
44771008 5320 1
44771008 5330 1
44771008 5350 1
44771008 5360 1
44771008 5370 1
44771008 5380 1
44771008 5331 1
44771008 5361 1
44771008 5371 1
44771008 5381 1
44771008 5352 1
44771008 5362 1
44771008 5372 1
44771008 5382 1
169951068 5351 1
169951068 5320 1
169951068 5330 1
169951068 5350 1
169951068 5360 1
169951068 5370 1
169951068 5331 1
169951068 5361 1
169951068 5371 1
169951068 5332 1
169951068 5352 1
288891066 5351 1
288891066 5330 1
288891066 5350 1
288891066 5360 1
288891066 5370 1
288891066 5380 1
288891066 5331 1
288891066 5361 1
288891066 5371 1
288891066 5381 1
288891066 5332 1
288891066 5352 1
288891066 5362 1
288891066 5372 1
565502007 5320 1
565502007 5330 1
565502007 5350 1
565502007 5360 1
565502007 5370 1
565502007 5380 1
565502007 5331 1
565502007 5371 1
950961007 5350 1
950961007 5360 1
950961007 5370 1
32731045 5351 1
32731045 5330 1
32731045 5350 1
32731045 5360 1
32731045 5370 1
32731045 5380 1
32731045 5331 1
32731045 5361 1
32731045 5371 1
32731045 5381 1
32731045 5332 1
32731045 5352 1
32731045 5362 1
32731045 5382 1
32731045 5333 1
32731045 5353 1
32731045 5363 1
32731045 5373 1
32731045 5383 1
32731045 5334 1
32731045 5354 1
222341020 5351 1
222341020 5320 1
222341020 5330 1
222341020 5350 1
222341020 5360 1
222341020 5370 1
222341020 5380 1
222341020 5331 1
222341020 5361 1
222341020 5371 1
222341020 5381 1
222341020 5332 1
222341020 5352 1
222341020 5362 1
222341020 5372 1
222341020 5382 1
222341020 5333 1
222341020 5353 1
222341020 5363 1
222341020 5373 1
222341020 5383 1
222341020 5334 1
222341020 5354 1
222341020 5430 1
222341020 5450 1
222341020 5460 1
222341020 5470 1
222341020 5480 1
222341020 5431 1
222341020 5451 1
222341020 5461 1
222341020 5471 1
222341020 5481 1
222341020 5432 1
222341020 5452 1
222341020 5462 1
222341020 5472 1
222341020 5482 1
222341020 5433 1
222341020 5453 1
222341020 5463 1
222341020 5473 1
222341020 5483 1
222341020 5434 1
222341020 5454 1
750991032 5351 1
750991032 5330 1
750991032 5350 1
750991032 5360 1
750991032 5370 1
750991032 5380 1
750991032 5331 1
750991032 5361 1
750991032 5371 1
750991032 5381 1
750991032 5332 1
750991032 5352 1
750991032 5372 1
750991032 5382 1
11632003 5351 1
11632003 5320 1
11632003 5330 1
11632003 5350 1
11632003 5331 1
11632003 5361 1
11632003 5332 1
11632003 5352 1
11632003 5362 1
11632003 5382 1
11632003 5333 1
1340371015 5351 1
1340371015 5330 1
1340371015 5350 1
1340371015 5360 1
1340371015 5370 1
1340371015 5380 1
1340371015 5331 1
1340371015 5361 1
1340371015 5371 1
1340371015 5381 1
1340371015 5332 1
1340371015 5352 1
1340371015 5372 1
1340371015 5382 1
1119601019 5351 1
1119601019 5320 5
1119601019 5330 1
1119601019 5350 1
1119601019 5360 1
1119601019 5370 1
1119601019 5380 1
1119601019 5331 1
1119601019 5361 1
1119601019 5371 1
1119601019 5381 1
1119601019 5332 1
1119601019 5352 1
1119601019 5362 1
1119601019 5372 1
1119601019 5382 1
1119601019 5430 1
1119601019 5450 1
1119601019 5460 1
1119601019 5470 1
1119601019 5480 1
1119601019 5431 1
1119601019 5451 1
1119601019 5461 1
1119601019 5471 1
1119601019 5481 1
1119601019 5432 1
1119601019 5452 1
1119601019 5462 1
1119601019 5482 1
289011012 5351 1
289011012 5330 1
289011012 5350 1
289011012 5360 1
289011012 5370 1
289011012 5380 1
289011012 5331 1
289011012 5361 1
289011012 5371 1
289011012 5381 1
289011012 5332 1
289011012 5352 1
289011012 5372 1
321731011 5351 1
321731011 5330 1
321731011 5350 1
321731011 5360 1
321731011 5370 1
321731011 5380 1
321731011 5331 1
321731011 5371 1
321731011 5332 1
321731011 5352 1
321731011 5362 1
321731011 5372 1
176241048 5351 1
176241048 5320 1
176241048 5330 1
176241048 5350 1
176241048 5360 1
176241048 5370 1
176241048 5380 1
176241048 5331 1
176241048 5361 1
176241048 5371 1
176241048 5381 1
176241048 5352 1
176241048 5362 1
176241048 5382 1
111221012 5351 1
111221012 5330 1
111221012 5350 1
111221012 5360 1
111221012 5370 1
111221012 5380 1
111221012 5331 1
111221012 5361 1
111221012 5371 1
111221012 5381 1
111221012 5332 1
111221012 5352 1
111221012 5362 1
111221012 5372 1
111221012 5382 1
111221012 5333 1
111221012 5353 1
111221012 5363 1
111221012 5383 1
111221012 5334 1
111221012 5354 1
111221012 5430 1
111221012 5450 1
111221012 5460 1
111221012 5470 1
111221012 5480 1
111221012 5431 1
111221012 5451 1
111221012 5461 1
111221012 5471 1
111221012 5481 1
111221012 5432 1
111221012 5452 1
111221012 5462 1
111221012 5472 1
111221012 5482 1
111221012 5433 1
111221012 5453 1
111221012 5463 1
111221012 5434 1
659041008 5351 1
659041008 5320 5
659041008 5330 1
659041008 5350 1
659041008 5360 1
659041008 5370 1
659041008 5380 1
659041008 5331 1
659041008 5361 1
659041008 5371 1
659041008 5381 1
659041008 5332 1
659041008 5352 1
659041008 5362 1
659041008 5372 1
659041008 5382 1
659041008 5333 1
659041008 5353 1
659041008 5363 1
659041008 5373 1
659041008 5383 1
659041008 5334 1
659041008 5354 1
659041008 5430 1
659041008 5450 1
659041008 5460 1
659041008 5470 1
659041008 5480 1
659041008 5431 1
659041008 5451 1
659041008 5461 1
659041008 5471 1
659041008 5481 1
659041008 5432 1
659041008 5452 1
659041008 5462 1
659041008 5472 1
659041008 5482 1
659041008 5433 1
659041008 5453 1
659041008 5463 1
659041008 5473 1
659041008 5434 1
659041008 5454 1
192521004 5351 1
192521004 5330 1
192521004 5350 1
192521004 5360 1
192521004 5370 1
192521004 5380 1
192521004 5331 1
192521004 5361 1
192521004 5371 1
192521004 5381 1
192521004 5332 1
192521004 5352 1
192521004 5362 1
192521004 5372 1
192521004 5382 1
192521004 5430 1
192521004 5450 1
192521004 5460 1
192521004 5470 1
192521004 5480 1
192521004 5431 1
192521004 5451 1
192521004 5461 1
192521004 5471 1
192521004 5481 1
192521004 5432 1
192521004 5452 1
192521004 5462 1
192521004 5472 1
192521004 5482 1
8051060 5351 1
8051060 5320 1
8051060 5330 1
8051060 5350 1
8051060 5360 1
8051060 5370 1
8051060 5331 1
8051060 5361 1
8051060 5371 1
8051060 5332 1
8051060 5352 1
8051060 5362 1
8051060 5372 1
8051060 5333 1
8051060 5353 1
8051060 5363 1
8051060 5334 1
8051060 5354 1
8051060 5430 1
8051060 5450 1
8051060 5460 1
8051060 5470 1
8051060 5431 1
8051060 5451 1
8051060 5461 1
8051060 5471 1
8051060 5432 1
8051060 5452 1
8051060 5462 1
8051060 5472 1
8051060 5433 1
8051060 5453 1
8051060 5463 1
8051060 5434 1
8051060 5454 1
303871053 5351 1
303871053 5330 1
303871053 5350 1
303871053 5360 1
303871053 5370 1
303871053 5352 1
303871053 5363 1
7392005 5351 1
7392005 5320 1
7392005 5330 1
7392005 5350 1
7392005 5360 1
7392005 5370 1
7392005 5380 1
7392005 5331 1
7392005 5361 1
7392005 5371 1
7392005 5381 1
7392005 5332 1
7392005 5352 1
7392005 5362 1
7392005 5372 1
7392005 5382 1
7392005 5333 1
7392005 5353 1
7392005 5363 1
7392005 5373 1
7392005 5334 1
315901043 5351 1
315901043 5320 1
315901043 5330 1
315901043 5350 1
315901043 5360 1
315901043 5370 1
315901043 5380 1
315901043 5331 1
315901043 5361 1
315901043 5371 1
315901043 5381 1
315901043 5332 1
315901043 5352 1
315901043 5382 1
315901043 5333 1
315901043 5353 1
315901043 5363 1
315901043 5383 1
315901043 5334 1
315901043 5354 1
315901043 5430 1
315901043 5450 1
315901043 5460 1
315901043 5470 1
315901043 5480 1
315901043 5431 1
315901043 5451 1
315901043 5461 1
315901043 5471 1
315901043 5481 1
315901043 5432 1
315901043 5452 1
315901043 5462 1
315901043 5472 1
315901043 5482 1
315901043 5433 1
315901043 5453 1
315901043 5463 1
315901043 5473 1
315901043 5434 1
315901043 5454 1
63481006 5351 1
63481006 5320 5
63481006 5330 1
63481006 5350 1
63481006 5360 1
63481006 5370 1
63481006 5380 1
63481006 5331 1
63481006 5361 1
63481006 5371 1
63481006 5381 1
63481006 5332 1
63481006 5352 1
63481006 5362 1
63481006 5372 1
63481006 5382 1
63481006 5333 1
63481006 5353 1
63481006 5363 1
63481006 5373 1
63481006 5334 1
63481006 5354 1
63481006 5430 1
63481006 5450 1
63481006 5460 1
63481006 5470 1
63481006 5480 1
63481006 5431 1
63481006 5451 1
63481006 5461 1
63481006 5471 1
63481006 5481 1
63481006 5432 1
63481006 5452 1
63481006 5462 1
63481006 5472 1
63481006 5482 1
63481006 5433 1
63481006 5453 1
63481006 5463 1
63481006 5473 1
63481006 5434 1
63481006 5454 1
4771065 5351 1
4771065 5330 1
4771065 5350 1
4771065 5360 1
4771065 5370 1
4771065 5380 1
4771065 5331 1
4771065 5361 1
4771065 5371 1
4771065 5381 1
4771065 5332 1
4771065 5352 1
4771065 5362 1
4771065 5372 1
4771065 5382 1
454381023 5351 1
454381023 5320 5
454381023 5330 1
454381023 5350 1
454381023 5360 1
454381023 5370 1
454381023 5380 1
454381023 5331 1
454381023 5361 1
454381023 5371 1
454381023 5381 1
454381023 5332 1
454381023 5352 1
454381023 5362 1
454381023 5372 1
454381023 5382 1
454381023 5333 1
454381023 5353 1
454381023 5363 1
454381023 5334 1
454381023 5354 1
454381023 5430 1
454381023 5450 1
454381023 5460 1
454381023 5470 1
454381023 5431 1
454381023 5451 1
454381023 5461 1
454381023 5471 1
454381023 5481 1
454381023 5432 1
454381023 5452 1
454381023 5462 1
454381023 5472 1
454381023 5433 1
454381023 5453 1
454381023 5463 1
454381023 5473 1
454381023 5434 1
454381023 5454 1
13031063 5351 1
13031063 5320 1
13031063 5330 1
13031063 5350 1
13031063 5360 1
13031063 5370 1
13031063 5380 1
13031063 5331 1
13031063 5361 1
13031063 5371 1
13031063 5381 1
13031063 5332 1
13031063 5352 1
13031063 5372 1
13031063 5333 1
13031063 5353 1
13031063 5363 1
13031063 5334 1
13031063 5354 1
1089151036 5351 1
1089151036 5320 1
1089151036 5330 1
1089151036 5350 1
1089151036 5360 1
1089151036 5370 1
1089151036 5380 1
1089151036 5331 1
1089151036 5361 1
1089151036 5371 1
1089151036 5381 1
1089151036 5352 1
1089151036 5362 1
1089151036 5372 1
1089151036 5333 1
1089151036 5353 1
1089151036 5363 1
1089151036 5383 1
1089151036 5334 1
1089151036 5354 1
741591006 5320 1
741591006 5382 1
1085901029 5351 1
1085901029 5330 1
1085901029 5350 1
1085901029 5360 1
1085901029 5370 1
1085901029 5380 1
1085901029 5331 1
1085901029 5361 1
1085901029 5371 1
1085901029 5381 1
1085901029 5332 1
1085901029 5352 1
1085901029 5362 1
1085901029 5372 1
1085901029 5382 1
1085901029 5333 1
1085901029 5353 1
1085901029 5363 1
1085901029 5334 1
1085901029 5354 1
1085901029 5430 1
1085901029 5450 1
1085901029 5460 1
1085901029 5470 1
1085901029 5480 1
1085901029 5431 1
1085901029 5451 1
1085901029 5461 1
1085901029 5471 1
1085901029 5432 1
1085901029 5452 1
1085901029 5462 1
1085901029 5472 1
30081025 5330 1
30081025 5350 1
30081025 5360 1
30081025 5331 1
30081025 5361 1
30081025 5332 1
30081025 5333 1
30081025 5363 1
30081025 5334 1
901001 5351 1
901001 5320 1
901001 5330 1
901001 5350 1
901001 5360 1
901001 5370 1
901001 5380 1
901001 5331 1
901001 5361 1
901001 5371 1
901001 5381 1
901001 5332 1
901001 5352 1
901001 5362 1
901001 5372 1
901001 5382 1
901001 5333 1
901001 5353 1
901001 5363 1
901001 5373 1
901001 5383 1
901001 5334 1
901001 5354 1
901001 5430 1
901001 5450 1
901001 5460 1
901001 5470 1
901001 5480 1
901001 5431 1
901001 5451 1
901001 5461 1
901001 5471 1
901001 5481 1
901001 5432 1
901001 5452 1
901001 5462 1
901001 5472 1
901001 5482 1
901001 5433 1
901001 5453 1
901001 5463 1
901001 5473 1
901001 5483 1
901001 5434 1
901001 5454 1
67171002 5350 1
67171002 5370 1
67171002 5380 1
67171002 5331 1
67171002 5381 1
67171002 5382 1
730201066 5351 1
730201066 5320 1
730201066 5330 1
730201066 5350 1
730201066 5360 1
730201066 5370 1
730201066 5380 1
730201066 5331 1
730201066 5361 1
730201066 5371 1
730201066 5381 1
730201066 5332 1
730201066 5352 1
730201066 5362 1
730201066 5372 1
730201066 5382 1
730201066 5333 1
730201066 5353 1
730201066 5363 1
730201066 5373 1
730201066 5383 1
730201066 5334 1
730201066 5354 1
1323311012 5351 1
1323311012 5320 1
1323311012 5330 1
1323311012 5350 1
1323311012 5360 1
1323311012 5370 1
1323311012 5380 1
1323311012 5331 1
1323311012 5361 1
1323311012 5371 1
1323311012 5381 1
1323311012 5332 1
1323311012 5352 1
1323311012 5362 1
1323311012 5372 1
1323311012 5382 1
488671002 5351 1
488671002 5330 1
488671002 5350 1
488671002 5360 1
488671002 5370 1
488671002 5380 1
488671002 5331 1
488671002 5361 1
488671002 5371 1
488671002 5381 1
488671002 5332 1
488671002 5352 1
488671002 5362 1
488671002 5372 1
488671002 5382 1
488671002 5333 1
488671002 5353 1
488671002 5363 1
488671002 5373 1
488671002 5383 1
488671002 5334 1
488671002 5354 1
23891026 5351 1
23891026 5330 1
23891026 5350 1
23891026 5360 1
23891026 5370 1
23891026 5380 1
23891026 5331 1
23891026 5361 1
23891026 5371 1
23891026 5381 1
23891026 5352 1
23891026 5372 1
23891026 5382 1
887911020 5351 1
887911020 5330 1
887911020 5350 1
887911020 5360 1
887911020 5370 1
887911020 5380 1
887911020 5331 1
887911020 5361 1
887911020 5371 1
887911020 5381 1
887911020 5332 1
887911020 5352 1
887911020 5372 1
887911020 5333 1
887911020 5353 1
887911020 5334 1
592621036 5360 1
416121011 5351 1
416121011 5330 1
416121011 5350 1
416121011 5360 1
416121011 5370 1
416121011 5380 1
416121011 5331 1
416121011 5361 1
416121011 5371 1
416121011 5381 1
416121011 5332 1
416121011 5352 1
416121011 5362 1
416121011 5372 1
416121011 5382 1
714891005 5351 1
714891005 5330 1
714891005 5350 1
714891005 5360 1
714891005 5370 1
714891005 5380 1
714891005 5331 1
714891005 5361 1
714891005 5371 1
714891005 5381 1
714891005 5332 1
714891005 5352 1
714891005 5362 1
714891005 5372 1
714891005 5353 1
15342026 5351 2
15342026 5330 2
15342026 5350 2
15342026 5360 2
15342026 5370 2
15342026 5380 2
15342026 5331 2
15342026 5361 2
301612006 5351 1
301612006 5330 1
301612006 5350 1
301612006 5360 1
301612006 5370 1
301612006 5380 1
301612006 5331 1
301612006 5361 1
301612006 5381 1
301612006 5332 1
301612006 5333 1
301612006 5353 1
301612006 5363 1
301612006 5334 1
302011041 5351 1
302011041 5330 1
302011041 5350 1
302011041 5360 1
302011041 5370 1
302011041 5331 1
302011041 5361 1
302011041 5371 1
302011041 5332 1
302011041 5352 1
302011041 5362 1
302011041 5372 1
361006 5370 1
184471012 5351 1
184471012 5330 1
184471012 5350 1
184471012 5360 1
184471012 5370 1
184471012 5380 1
184471012 5331 1
184471012 5361 1
184471012 5371 1
184471012 5381 1
184471012 5332 1
184471012 5352 1
184471012 5333 1
184471012 5353 1
184471012 5334 1
184471012 5354 1
184471012 5430 1
184471012 5450 1
184471012 5431 1
184471012 5451 1
184471012 5432 1
184471012 5452 1
399231004 5351 1
399231004 5320 1
399231004 5330 1
399231004 5350 1
399231004 5360 1
399231004 5370 1
399231004 5380 1
399231004 5331 1
399231004 5361 1
399231004 5371 1
399231004 5381 1
399231004 5332 1
399231004 5352 1
399231004 5362 1
399231004 5372 1
399231004 5333 1
399231004 5353 1
399231004 5363 1
399231004 5334 1
399231004 5354 1
740401033 5351 1
740401033 5320 5
740401033 5330 1
740401033 5350 1
740401033 5360 1
740401033 5370 1
740401033 5380 1
740401033 5331 1
740401033 5361 1
740401033 5371 1
740401033 5381 1
740401033 5332 1
740401033 5352 1
740401033 5362 1
740401033 5372 1
740401033 5382 1
740401033 5333 1
740401033 5353 1
740401033 5363 1
740401033 5373 1
740401033 5383 1
740401033 5334 1
740401033 5354 1
740401033 5430 1
740401033 5450 1
740401033 5460 1
740401033 5470 1
740401033 5480 1
740401033 5431 1
740401033 5451 1
740401033 5461 1
740401033 5471 1
740401033 5481 1
740401033 5432 1
740401033 5452 1
740401033 5462 1
740401033 5472 1
740401033 5482 1
740401033 5433 1
740401033 5453 1
740401033 5473 1
740401033 5483 1
360291007 5350 1
380352016 5351 1
380352016 5320 1
380352016 5330 1
380352016 5350 1
380352016 5360 1
380352016 5370 1
380352016 5380 1
380352016 5331 1
380352016 5361 1
380352016 5371 1
380352016 5381 1
380352016 5332 1
380352016 5352 1
380352016 5362 1
380352016 5372 1
380352016 5382 1
380352016 5333 1
380352016 5353 1
380352016 5363 1
380352016 5373 1
380352016 5383 1
380352016 5334 1
46441049 5351 1
46441049 5330 1
46441049 5350 1
46441049 5360 1
46441049 5370 1
46441049 5380 1
46441049 5331 1
46441049 5361 1
46441049 5371 1
46441049 5381 1
46441049 5332 1
46441049 5352 1
46441049 5362 1
46441049 5372 1
46441049 5382 1
302291021 5351 1
302291021 5330 1
302291021 5350 1
302291021 5360 1
302291021 5370 1
302291021 5331 1
302291021 5361 1
302291021 5371 1
302291021 5332 1
302291021 5352 1
302291021 5362 1
302291021 5363 1
149631046 5351 1
149631046 5320 5
149631046 5330 1
149631046 5350 1
149631046 5360 1
149631046 5370 1
149631046 5380 1
149631046 5331 1
149631046 5361 1
149631046 5371 1
149631046 5381 1
149631046 5332 1
149631046 5352 1
149631046 5362 1
149631046 5372 1
149631046 5382 1
149631046 5333 1
149631046 5353 1
149631046 5363 1
149631046 5334 1
149631046 5354 1
149631046 5430 1
149631046 5450 1
149631046 5460 1
149631046 5470 1
149631046 5480 1
149631046 5431 1
149631046 5451 1
149631046 5461 1
149631046 5481 1
149631046 5432 1
149631046 5452 1
149631046 5462 1
149631046 5433 1
149631046 5453 1
149631046 5463 1
149631046 5434 1
149631046 5454 1
707701008 5351 1
707701008 5330 1
707701008 5350 1
707701008 5360 1
707701008 5370 1
707701008 5380 1
707701008 5331 1
707701008 5361 1
707701008 5371 1
707701008 5381 1
707701008 5332 1
707701008 5352 1
707701008 5362 1
707701008 5372 1
707701008 5382 1
707701008 5333 1
707701008 5353 1
707701008 5363 1
707701008 5373 1
707701008 5383 1
707701008 5334 1
816611004 5351 1
816611004 5330 1
816611004 5350 1
816611004 5360 1
816611004 5370 1
816611004 5331 1
816611004 5361 1
816611004 5371 1
816611004 5352 1
816611004 5333 1
816611004 5353 1
113211016 5351 1
113211016 5330 1
113211016 5350 1
113211016 5360 1
113211016 5370 1
113211016 5380 1
113211016 5331 1
113211016 5361 1
113211016 5371 1
113211016 5381 1
113211016 5332 1
113211016 5352 1
113211016 5372 1
113211016 5382 1
113211016 5363 1
38411001 5351 1
38411001 5330 1
38411001 5350 1
38411001 5360 1
38411001 5370 1
38411001 5380 1
38411001 5331 1
38411001 5361 1
38411001 5371 1
38411001 5381 1
38411001 5332 1
38411001 5352 1
38411001 5372 1
38411001 5382 1
67031001 5351 1
67031001 5330 1
67031001 5350 1
67031001 5360 1
67031001 5370 1
67031001 5380 1
67031001 5331 1
67031001 5361 1
67031001 5371 1
67031001 5381 1
67031001 5332 1
67031001 5352 1
67031001 5372 1
67031001 5333 1
67031001 5353 1
504621024 5351 1
504621024 5330 1
504621024 5350 1
504621024 5360 1
504621024 5370 1
504621024 5380 1
504621024 5331 1
504621024 5361 1
504621024 5371 1
504621024 5381 1
504621024 5332 1
504621024 5352 1
504621024 5362 1
504621024 5372 1
504621024 5353 1
504621024 5430 1
504621024 5470 1
504621024 5480 1
50401007 5330 1
50401007 5360 1
50401007 5370 1
236082028 5351 1
236082028 5320 1
236082028 5330 1
236082028 5350 1
236082028 5360 1
236082028 5370 1
236082028 5380 1
236082028 5331 1
236082028 5361 1
236082028 5371 1
236082028 5381 1
236082028 5332 1
236082028 5352 1
236082028 5382 1
747681013 5351 1
747681013 5320 5
747681013 5330 1
747681013 5350 1
747681013 5360 1
747681013 5370 1
747681013 5380 1
747681013 5331 1
747681013 5361 1
747681013 5371 1
747681013 5381 1
747681013 5332 1
747681013 5352 1
747681013 5362 1
747681013 5372 1
747681013 5382 1
747681013 5333 1
747681013 5353 1
747681013 5363 1
747681013 5373 1
747681013 5383 1
747681013 5334 1
747681013 5354 1
747681013 5430 1
747681013 5450 1
747681013 5460 1
747681013 5470 1
747681013 5480 1
747681013 5431 1
747681013 5451 1
747681013 5461 1
747681013 5471 1
747681013 5481 1
747681013 5432 1
747681013 5452 1
747681013 5462 1
747681013 5472 1
747681013 5482 1
747681013 5433 1
747681013 5453 1
747681013 5463 1
747681013 5473 1
747681013 5483 1
14651001 5351 1
14651001 5330 1
14651001 5350 1
14651001 5360 1
14651001 5370 1
14651001 5380 1
14651001 5331 1
14651001 5361 1
14651001 5381 1
14651001 5352 1
14651001 5362 1
962611008 5351 1
962611008 5330 1
962611008 5350 1
962611008 5360 1
962611008 5370 1
962611008 5331 1
962611008 5352 1
543871018 5351 1
543871018 5320 5
543871018 5330 1
543871018 5350 1
543871018 5360 1
543871018 5370 1
543871018 5380 1
543871018 5331 1
543871018 5361 1
543871018 5371 1
543871018 5381 1
543871018 5332 1
543871018 5352 1
543871018 5362 1
543871018 5372 1
543871018 5382 1
543871018 5333 1
543871018 5353 1
543871018 5363 1
543871018 5334 1
543871018 5354 1
543871018 5430 1
543871018 5450 1
543871018 5460 1
543871018 5470 1
543871018 5480 1
543871018 5431 1
543871018 5451 1
543871018 5461 1
543871018 5471 1
543871018 5481 1
543871018 5432 1
543871018 5452 1
543871018 5462 1
543871018 5472 1
543871018 5482 1
543871018 5433 1
543871018 5453 1
543871018 5434 1
543871018 5454 1
29252006 5351 1
29252006 5330 1
29252006 5350 1
29252006 5360 1
29252006 5370 1
29252006 5331 1
29252006 5361 1
29252006 5371 1
29252006 5332 1
29252006 5352 1
29252006 5362 1
29252006 5333 1
18211001 5351 1
18211001 5330 1
18211001 5350 1
18211001 5360 1
18211001 5370 1
18211001 5380 1
18211001 5331 1
18211001 5361 1
18211001 5371 1
18211001 5381 1
18211001 5332 1
18211001 5352 1
18211001 5372 1
18211001 5382 1
667712004 5351 1
667712004 5330 1
667712004 5350 1
667712004 5360 1
667712004 5370 1
667712004 5380 1
667712004 5331 1
667712004 5361 1
667712004 5371 1
667712004 5381 1
667712004 5333 1
667712004 5363 1
667712004 5334 1
216781002 5351 1
216781002 5330 1
216781002 5350 1
216781002 5360 1
216781002 5370 1
216781002 5380 1
216781002 5331 1
216781002 5361 1
216781002 5371 1
216781002 5381 1
216781002 5332 1
216781002 5352 1
216781002 5362 1
216781002 5372 1
216781002 5382 1
216781002 5333 1
216781002 5353 1
216781002 5363 1
506411002 5351 1
506411002 5330 1
506411002 5350 1
506411002 5360 1
506411002 5370 1
506411002 5331 1
506411002 5361 1
506411002 5371 1
506411002 5352 1
83361005 5351 1
83361005 5330 1
83361005 5350 1
83361005 5360 1
83361005 5370 1
83361005 5331 1
83361005 5361 1
83361005 5371 1
83361005 5381 1
83361005 5353 1
83361005 5373 1
47711070 5351 2
47711070 5320 2
47711070 5330 2
47711070 5350 2
47711070 5360 2
47711070 5370 2
47711070 5380 2
47711070 5331 2
47711070 5361 2
47711070 5371 2
47711070 5381 2
47711070 5352 2
47711070 5362 2
47711070 5372 2
47711070 5382 2
47711070 5333 2
47711070 5353 2
47711070 5363 2
47711070 5373 2
47711070 5383 2
871003 5330 1
871003 5350 1
871003 5360 1
871003 5370 1
871003 5380 1
871003 5363 1
109451019 5351 1
109451019 5330 1
109451019 5350 1
109451019 5360 1
109451019 5370 1
109451019 5380 1
109451019 5331 1
109451019 5361 1
109451019 5371 1
109451019 5381 1
109451019 5332 1
109451019 5352 1
109451019 5362 1
109451019 5372 1
109451019 5382 1
109451019 5333 1
109451019 5353 1
109451019 5363 1
109451019 5373 1
109451019 5383 1
109451019 5334 1
109451019 5354 1
109451019 5430 1
109451019 5450 1
109451019 5460 1
109451019 5470 1
109451019 5480 1
109451019 5431 1
109451019 5451 1
109451019 5461 1
109451019 5471 1
109451019 5481 1
109451019 5432 1
109451019 5452 1
109451019 5462 1
109451019 5472 1
109451019 5482 1
109451019 5433 1
109451019 5453 1
109451019 5463 1
109451019 5473 1
109451019 5483 1
109451019 5434 1
109451019 5454 1
401291028 5351 1
401291028 5320 5
401291028 5330 1
401291028 5350 1
401291028 5360 1
401291028 5370 1
401291028 5380 1
401291028 5331 1
401291028 5361 1
401291028 5371 1
401291028 5381 1
401291028 5332 1
401291028 5352 1
401291028 5362 1
401291028 5372 1
401291028 5382 1
401291028 5333 1
401291028 5353 1
401291028 5363 1
401291028 5383 1
401291028 5334 1
401291028 5354 1
401291028 5430 1
401291028 5450 1
401291028 5460 1
401291028 5470 1
401291028 5480 1
401291028 5431 1
401291028 5451 1
401291028 5461 1
401291028 5471 1
401291028 5481 1
401291028 5432 1
401291028 5452 1
401291028 5462 1
401291028 5472 1
401291028 5482 1
401291028 5433 1
401291028 5453 1
401291028 5463 1
401291028 5473 1
401291028 5483 1
401291028 5434 1
401291028 5454 1
29801006 5351 1
29801006 5320 1
29801006 5330 1
29801006 5350 1
29801006 5360 1
29801006 5370 1
29801006 5380 1
29801006 5331 1
29801006 5361 1
29801006 5371 1
29801006 5381 1
29801006 5332 1
29801006 5352 1
29801006 5362 1
29801006 5372 1
29801006 5382 1
29801006 5333 1
29801006 5353 1
29801006 5430 1
29801006 5450 1
29801006 5460 1
29801006 5470 1
29801006 5480 1
29801006 5431 1
29801006 5451 1
29801006 5461 1
29801006 5471 1
29801006 5432 1
29801006 5452 1
29801006 5462 1
29801006 5472 1
339171010 5351 1
339171010 5320 1
339171010 5330 1
339171010 5350 1
339171010 5360 1
339171010 5370 1
339171010 5380 1
339171010 5331 1
339171010 5332 1
339171010 5352 1
339171010 5353 1
401691067 5351 1
401691067 5320 1
401691067 5330 1
401691067 5350 1
401691067 5360 1
401691067 5370 1
401691067 5380 1
401691067 5331 1
401691067 5361 1
401691067 5371 1
401691067 5381 1
401691067 5332 1
401691067 5352 1
401691067 5362 1
401691067 5372 1
401691067 5382 1
401691067 5333 1
401691067 5353 1
401691067 5363 1
401691067 5334 1
401691067 5354 1
401691067 5430 1
401691067 5450 1
401691067 5460 1
401691067 5470 1
401691067 5480 1
401691067 5431 1
401691067 5451 1
401691067 5461 1
401691067 5471 1
401691067 5481 1
401691067 5432 1
401691067 5452 1
401691067 5462 1
401691067 5472 1
401691067 5453 1
401691067 5454 1
78601020 5350 1
78601020 5360 1
78601020 5380 1
243591049 5351 1
243591049 5330 1
243591049 5350 1
243591049 5360 1
243591049 5370 1
243591049 5380 1
243591049 5331 1
243591049 5361 1
243591049 5371 1
243591049 5381 1
243591049 5332 1
243591049 5352 1
243591049 5362 1
243591049 5372 1
243591049 5382 1
243591049 5333 1
243591049 5353 1
243591049 5363 1
243591049 5373 1
243591049 5383 1
243591049 5334 1
243591049 5354 1
243591049 5430 1
243591049 5450 1
243591049 5460 1
243591049 5470 1
243591049 5431 1
243591049 5451 1
243591049 5461 1
243591049 5471 1
243591049 5432 1
243591049 5452 1
243591049 5462 1
243591049 5472 1
243591049 5433 1
243591049 5453 1
243591049 5463 1
243591049 5473 1
243591049 5434 1
243591049 5454 1
232561001 5351 1
232561001 5330 1
232561001 5350 1
232561001 5360 1
232561001 5370 1
232561001 5331 1
232561001 5361 1
232561001 5371 1
232561001 5381 1
232561001 5372 1
143861002 5351 1
143861002 5320 1
143861002 5330 1
143861002 5350 1
143861002 5360 1
143861002 5370 1
143861002 5380 1
143861002 5331 1
143861002 5361 1
143861002 5371 1
143861002 5381 1
143861002 5332 1
143861002 5352 1
143861002 5362 1
143861002 5372 1
143861002 5382 1
143861002 5333 1
143861002 5353 1
143861002 5363 1
143861002 5373 1
143861002 5334 1
143861002 5354 1
143861002 5430 1
143861002 5450 1
143861002 5460 1
143861002 5470 1
143861002 5431 1
143861002 5451 1
143861002 5461 1
143861002 5471 1
143861002 5432 1
143861002 5452 1
143861002 5462 1
143861002 5472 1
143861002 5433 1
143861002 5453 1
143861002 5463 1
143861002 5473 1
143861002 5434 1
143861002 5454 1
3261006 5351 1
3261006 5320 5
3261006 5330 1
3261006 5350 1
3261006 5360 1
3261006 5370 1
3261006 5380 1
3261006 5331 1
3261006 5361 1
3261006 5371 1
3261006 5381 1
3261006 5332 1
3261006 5352 1
3261006 5362 1
3261006 5372 1
3261006 5382 1
3261006 5333 1
3261006 5353 1
3261006 5334 1
3261006 5354 1
3261006 5430 1
3261006 5450 1
3261006 5460 1
3261006 5470 1
3261006 5480 1
3261006 5431 1
3261006 5451 1
3261006 5461 1
3261006 5471 1
3261006 5481 1
3261006 5432 1
3261006 5452 1
3261006 5462 1
3261006 5433 1
383971003 5330 1
383971003 5350 1
383971003 5360 1
383971003 5370 1
135501003 5351 2
135501003 5330 2
135501003 5350 2
135501003 5360 2
135501003 5370 2
135501003 5380 2
135501003 5331 2
135501003 5361 2
135501003 5371 2
135501003 5381 2
135501003 5332 2
135501003 5352 2
135501003 5333 2
135501003 5353 2
135501003 5363 2
135501003 5430 2
135501003 5432 2
135501003 5452 2
135501003 5462 2
135501003 5472 2
135501003 5482 2
159801001 5351 1
159801001 5350 1
159801001 5352 1
122461001 5351 1
122461001 5330 1
122461001 5350 1
122461001 5360 1
122461001 5370 1
122461001 5380 1
122461001 5331 1
122461001 5361 1
122461001 5371 1
122461001 5381 1
122461001 5332 1
122461001 5352 1
122461001 5362 1
122461001 5372 1
122461001 5382 1
122461001 5333 1
122461001 5353 1
122461001 5334 1
122461001 5354 1
354201003 5354 1
534121019 5351 1
534121019 5330 1
534121019 5350 1
534121019 5360 1
534121019 5370 1
534121019 5380 1
534121019 5331 1
534121019 5361 1
534121019 5371 1
534121019 5381 1
534121019 5332 1
534121019 5352 1
534121019 5362 1
534121019 5372 1
534121019 5382 1
534121019 5333 1
26581009 5330 1
26581009 5350 1
26581009 5360 1
26581009 5370 1
26581009 5380 1
26581009 5331 1
508251007 5351 1
508251007 5320 5
508251007 5330 1
508251007 5350 1
508251007 5360 1
508251007 5370 1
508251007 5380 1
508251007 5331 1
508251007 5361 1
508251007 5371 1
508251007 5381 1
508251007 5332 1
508251007 5352 1
508251007 5362 1
508251007 5372 1
508251007 5382 1
508251007 5333 1
508251007 5353 1
508251007 5363 1
508251007 5334 1
508251007 5354 1
508251007 5430 1
508251007 5450 1
508251007 5460 1
508251007 5470 1
508251007 5431 1
508251007 5451 1
508251007 5461 1
508251007 5471 1
508251007 5432 1
508251007 5452 1
508251007 5462 1
508251007 5472 1
508251007 5433 1
508251007 5453 1
508251007 5463 1
508251007 5473 1
508251007 5434 1
508251007 5454 1
1106921009 5330 1
1106921009 5360 1
1106921009 5331 1
1106921009 5361 1
1106921009 5333 1
1106921009 5363 1
1106921009 5334 1
106421010 5351 1
106421010 5320 1
106421010 5330 1
106421010 5350 1
106421010 5360 1
106421010 5370 1
106421010 5380 1
106421010 5331 1
106421010 5361 1
106421010 5371 1
106421010 5381 1
106421010 5332 1
106421010 5352 1
106421010 5362 1
106421010 5372 1
106421010 5382 1
106421010 5333 1
106421010 5353 1
106421010 5363 1
106421010 5373 1
106421010 5334 1
106421010 5354 1
341481002 5360 1
21471004 5330 1
21471004 5350 1
21471004 5360 1
21471004 5370 1
21471004 5380 1
453281009 5351 1
453281009 5330 1
453281009 5350 1
453281009 5360 1
453281009 5370 1
46882002 5330 1
46882002 5360 1
46882002 5333 1
46882002 5373 1
1036071032 5330 1
1036071032 5350 1
1036071032 5360 1
1036071032 5331 1
410391016 5351 1
410391016 5330 1
410391016 5350 1
410391016 5360 1
410391016 5370 1
410391016 5380 1
410391016 5331 1
410391016 5361 1
410391016 5371 1
410391016 5381 1
410391016 5332 1
410391016 5352 1
410391016 5362 1
410391016 5372 1
410391016 5382 1
410391016 5363 1
545441012 5351 1
545441012 5330 1
545441012 5350 1
545441012 5360 1
545441012 5370 1
545441012 5380 1
545441012 5331 1
545441012 5361 1
545441012 5371 1
545441012 5381 1
545441012 5332 1
545441012 5352 1
545441012 5362 1
545441012 5372 1
545441012 5333 1
545441012 5353 1
545441012 5363 1
545441012 5334 1
545441012 5354 1
87711015 5351 1
87711015 5320 5
87711015 5330 1
87711015 5350 1
87711015 5360 1
87711015 5370 1
87711015 5380 1
87711015 5331 1
87711015 5361 1
87711015 5371 1
87711015 5381 1
87711015 5332 1
87711015 5352 1
87711015 5362 1
87711015 5372 1
87711015 5382 1
87711015 5333 1
87711015 5353 1
87711015 5363 1
87711015 5373 1
87711015 5383 1
87711015 5334 1
87711015 5354 1
87711015 5430 1
87711015 5450 1
87711015 5460 1
87711015 5470 1
87711015 5480 1
87711015 5431 1
87711015 5451 1
87711015 5461 1
87711015 5471 1
87711015 5481 1
87711015 5432 1
87711015 5452 1
87711015 5462 1
87711015 5472 1
87711015 5482 1
87711015 5433 1
87711015 5453 1
87711015 5463 1
87711015 5473 1
87711015 5483 1
87711015 5434 1
87711015 5454 1
29791002 5351 1
29791002 5330 1
29791002 5350 1
29791002 5360 1
29791002 5370 1
29791002 5380 1
29791002 5331 1
29791002 5361 1
29791002 5371 1
29791002 5381 1
29791002 5332 1
29791002 5352 1
29791002 5362 1
29791002 5372 1
29791002 5382 1
29791002 5333 1
29791002 5363 1
29791002 5373 1
409621040 5351 1
409621040 5330 1
409621040 5350 1
409621040 5360 1
409621040 5370 1
409621040 5380 1
409621040 5331 1
409621040 5361 1
409621040 5371 1
409621040 5381 1
409621040 5332 1
409621040 5352 1
409621040 5362 1
409621040 5372 1
409621040 5382 1
409621040 5333 1
409621040 5353 1
409621040 5363 1
409621040 5334 1
409621040 5354 1
409621040 5430 1
409621040 5450 1
409621040 5460 1
409621040 5480 1
409621040 5431 1
409621040 5451 1
409621040 5461 1
409621040 5471 1
409621040 5432 1
409621040 5452 1
409621040 5462 1
409621040 5472 1
409621040 5482 1
755261027 5351 1
755261027 5330 1
755261027 5350 1
755261027 5360 1
755261027 5370 1
755261027 5380 1
755261027 5331 1
755261027 5361 1
755261027 5371 1
755261027 5381 1
755261027 5332 1
755261027 5352 1
755261027 5362 1
755261027 5372 1
22771006 5351 1
22771006 5320 1
22771006 5330 1
22771006 5350 1
22771006 5360 1
22771006 5370 1
22771006 5380 1
22771006 5331 1
22771006 5361 1
22771006 5371 1
22771006 5381 1
22771006 5332 1
22771006 5352 1
22771006 5362 1
22771006 5372 1
22771006 5333 1
22771006 5353 1
22771006 5334 1
22771006 5354 1
161331017 5351 1
161331017 5320 5
161331017 5330 1
161331017 5350 1
161331017 5360 1
161331017 5370 1
161331017 5380 1
161331017 5331 1
161331017 5361 1
161331017 5371 1
161331017 5381 1
161331017 5332 1
161331017 5352 1
161331017 5362 1
161331017 5372 1
161331017 5333 1
161331017 5353 1
161331017 5363 1
161331017 5373 1
161331017 5334 1
161331017 5354 1
161331017 5430 1
161331017 5450 1
161331017 5460 1
161331017 5470 1
161331017 5431 1
161331017 5451 1
161331017 5461 1
161331017 5471 1
161331017 5432 1
161331017 5452 1
161331017 5462 1
161331017 5453 1
161331017 5434 1
161331017 5454 1
468121028 5351 1
468121028 5330 1
468121028 5350 1
468121028 5360 1
468121028 5370 1
468121028 5380 1
468121028 5331 1
468121028 5361 1
468121028 5371 1
468121028 5381 1
468121028 5332 1
468121028 5352 1
468121028 5362 1
468121028 5372 1
468121028 5382 1
468121028 5333 1
468121028 5353 1
468121028 5363 1
468121028 5373 1
468121028 5383 1
468121028 5334 1
468121028 5354 1
468121028 5430 1
468121028 5450 1
468121028 5460 1
468121028 5470 1
468121028 5480 1
468121028 5431 1
468121028 5451 1
468121028 5461 1
468121028 5471 1
468121028 5481 1
468121028 5432 1
468121028 5452 1
468121028 5462 1
468121028 5472 1
468121028 5482 1
468121028 5433 1
468121028 5453 1
468121028 5463 1
468121028 5473 1
468121028 5483 1
468121028 5434 1
468121028 5454 1
37221007 5351 1
37221007 5330 1
37221007 5350 1
37221007 5360 1
37221007 5370 1
37221007 5380 1
37221007 5331 1
37221007 5361 1
37221007 5371 1
37221007 5381 1
39831011 5351 1
39831011 5330 1
39831011 5350 1
39831011 5360 1
39831011 5370 1
39831011 5380 1
39831011 5331 1
39831011 5361 1
39831011 5371 1
39831011 5381 1
39831011 5332 1
39831011 5352 1
39831011 5362 1
39831011 5372 1
39831011 5382 1
39831011 5333 1
39831011 5353 1
39831011 5363 1
4572027 5351 1
4572027 5330 1
4572027 5350 1
4572027 5360 1
4572027 5370 1
4572027 5380 1
4572027 5331 1
4572027 5361 1
4572027 5371 1
4572027 5352 1
4572027 5372 1
4572027 5363 1
4572027 5373 1
563041021 5351 1
563041021 5320 5
563041021 5330 1
563041021 5350 1
563041021 5360 1
563041021 5370 1
563041021 5380 1
563041021 5331 1
563041021 5361 1
563041021 5371 1
563041021 5381 1
563041021 5332 1
563041021 5352 1
563041021 5362 1
563041021 5372 1
563041021 5382 1
563041021 5333 1
563041021 5353 1
563041021 5363 1
563041021 5373 1
563041021 5383 1
563041021 5334 1
563041021 5354 1
563041021 5430 1
563041021 5450 1
563041021 5460 1
563041021 5470 1
563041021 5480 1
563041021 5431 1
563041021 5451 1
563041021 5461 1
563041021 5471 1
563041021 5481 1
563041021 5432 1
563041021 5452 1
563041021 5462 1
563041021 5472 1
563041021 5482 1
563041021 5433 1
563041021 5453 1
563041021 5463 1
563041021 5473 1
563041021 5483 1
563041021 5434 1
563041021 5454 1
739041013 5351 1
739041013 5320 1
739041013 5330 1
739041013 5350 1
739041013 5360 1
739041013 5370 1
739041013 5331 1
739041013 5361 1
739041013 5371 1
739041013 5332 1
739041013 5352 1
739041013 5362 1
739041013 5372 1
300021010 5351 1
300021010 5320 5
300021010 5330 1
300021010 5350 1
300021010 5360 1
300021010 5370 1
300021010 5380 1
300021010 5331 1
300021010 5361 1
300021010 5371 1
300021010 5381 1
300021010 5332 1
300021010 5352 1
300021010 5362 1
300021010 5372 1
300021010 5382 1
300021010 5333 1
300021010 5353 1
300021010 5363 1
300021010 5354 1
300021010 5430 1
300021010 5450 1
300021010 5460 1
300021010 5470 1
300021010 5480 1
300021010 5431 1
300021010 5451 1
300021010 5461 1
300021010 5471 1
300021010 5481 1
300021010 5432 1
300021010 5452 1
300021010 5462 1
300021010 5472 1
300021010 5482 1
300021010 5433 1
300021010 5453 1
300021010 5463 1
52571008 5351 1
52571008 5320 1
52571008 5330 1
52571008 5350 1
52571008 5360 1
52571008 5370 1
52571008 5380 1
52571008 5331 1
52571008 5361 1
52571008 5371 1
52571008 5381 1
52571008 5332 1
52571008 5352 1
52571008 5362 1
52571008 5372 1
52571008 5382 1
457991005 5351 1
457991005 5320 5
457991005 5330 1
457991005 5350 1
457991005 5360 1
457991005 5370 1
457991005 5380 1
457991005 5331 1
457991005 5361 1
457991005 5371 1
457991005 5381 1
457991005 5332 1
457991005 5352 1
457991005 5362 1
457991005 5372 1
457991005 5382 1
457991005 5333 1
457991005 5353 1
457991005 5363 1
457991005 5373 1
457991005 5383 1
457991005 5334 1
457991005 5354 1
727571066 5330 1
727571066 5350 1
727571066 5360 1
727571066 5370 1
1024991067 5351 1
1024991067 5330 1
1024991067 5350 1
1024991067 5360 1
1024991067 5370 1
1024991067 5380 1
1024991067 5331 1
1024991067 5361 1
1024991067 5371 1
1024991067 5381 1
1024991067 5332 1
1024991067 5352 1
1024991067 5362 1
1024991067 5372 1
1024991067 5382 1
1024991067 5333 1
1024991067 5353 1
1024991067 5363 1
1024991067 5373 1
1024991067 5334 1
1024991067 5354 1
90541011 5351 1
90541011 5330 1
90541011 5350 1
90541011 5360 1
90541011 5370 1
90541011 5380 1
90541011 5331 1
90541011 5361 1
90541011 5371 1
90541011 5381 1
90541011 5332 1
90541011 5352 1
90541011 5362 1
90541011 5372 1
90541011 5382 1
291731049 5370 1
291731049 5333 1
768941003 5333 1
768941003 5363 1
37721002 5351 1
37721002 5320 1
37721002 5330 1
37721002 5350 1
37721002 5360 1
37721002 5370 1
37721002 5380 1
37721002 5331 1
37721002 5361 1
37721002 5371 1
37721002 5381 1
37721002 5332 1
37721002 5352 1
37721002 5362 1
37721002 5372 1
37721002 5382 1
37721002 5333 1
37721002 5353 1
37721002 5334 1
37721002 5354 1
37721002 5430 1
37721002 5450 1
37721002 5460 1
37721002 5470 1
37721002 5431 1
37721002 5451 1
37721002 5461 1
37721002 5471 1
37721002 5432 1
37721002 5452 1
37721002 5462 1
37721002 5472 1
37721002 5482 1
37721002 5433 1
37721002 5453 1
37721002 5434 1
37721002 5454 1
343951002 5351 1
343951002 5320 1
343951002 5330 1
343951002 5350 1
343951002 5360 1
343951002 5370 1
343951002 5380 1
343951002 5331 1
343951002 5361 1
343951002 5371 1
343951002 5381 1
343951002 5332 1
343951002 5352 1
343951002 5362 1
343951002 5372 1
343951002 5333 1
343951002 5353 1
343951002 5363 1
343951002 5334 1
343951002 5354 1
237751064 5351 1
237751064 5320 5
237751064 5330 1
237751064 5350 1
237751064 5360 1
237751064 5370 1
237751064 5380 1
237751064 5331 1
237751064 5361 1
237751064 5371 1
237751064 5381 1
237751064 5332 1
237751064 5352 1
237751064 5362 1
237751064 5372 1
237751064 5382 1
237751064 5333 1
237751064 5353 1
237751064 5363 1
237751064 5373 1
237751064 5383 1
237751064 5334 1
237751064 5354 1
237751064 5430 1
237751064 5450 1
237751064 5460 1
237751064 5470 1
237751064 5480 1
237751064 5431 1
237751064 5451 1
237751064 5461 1
237751064 5471 1
237751064 5481 1
237751064 5432 1
237751064 5452 1
237751064 5462 1
237751064 5472 1
237751064 5482 1
237751064 5433 1
237751064 5453 1
237751064 5463 1
237751064 5473 1
237751064 5483 1
237751064 5434 1
237751064 5454 1
1009661024 5351 1
1009661024 5330 1
1009661024 5350 1
1009661024 5360 1
1009661024 5370 1
1009661024 5380 1
1009661024 5331 1
1009661024 5361 1
1009661024 5371 1
1009661024 5381 1
1009661024 5332 1
1009661024 5352 1
1009661024 5362 1
1009661024 5372 1
14571001 5351 1
14571001 5330 1
14571001 5350 1
14571001 5360 1
14571001 5370 1
14571001 5380 1
14571001 5331 1
14571001 5361 1
14571001 5371 1
14571001 5381 1
14571001 5332 1
14571001 5352 1
14571001 5362 1
14571001 5372 1
14571001 5382 1
14571001 5333 1
14571001 5363 1
429191063 5351 1
429191063 5330 1
429191063 5350 1
429191063 5360 1
429191063 5370 1
429191063 5380 1
429191063 5331 1
429191063 5361 1
429191063 5371 1
429191063 5381 1
429191063 5352 1
429191063 5372 1
429191063 5382 1
429191063 5373 1
717762006 5351 1
717762006 5330 1
717762006 5350 1
717762006 5360 1
717762006 5370 1
717762006 5380 1
717762006 5331 1
717762006 5361 1
717762006 5371 1
717762006 5381 1
717762006 5332 1
717762006 5352 1
717762006 5362 1
717762006 5372 1
717762006 5382 1
717762006 5333 1
717762006 5353 1
717762006 5363 1
717762006 5373 1
717762006 5383 1
717762006 5334 1
717762006 5354 1
675711013 5351 1
675711013 5330 1
675711013 5350 1
675711013 5360 1
675711013 5370 1
675711013 5380 1
675711013 5331 1
675711013 5361 1
675711013 5371 1
675711013 5381 1
675711013 5332 1
675711013 5352 1
675711013 5362 1
675711013 5372 1
675711013 5382 1
675711013 5333 1
675711013 5353 1
675711013 5363 1
209031003 5351 1
209031003 5330 1
209031003 5350 1
209031003 5360 1
209031003 5370 1
209031003 5380 1
209031003 5352 1
346871018 5351 1
346871018 5330 1
346871018 5350 1
346871018 5360 1
346871018 5370 1
346871018 5380 1
346871018 5331 1
346871018 5361 1
346871018 5371 1
346871018 5381 1
346871018 5332 1
346871018 5352 1
346871018 5362 1
346871018 5372 1
346871018 5382 1
346871018 5333 1
346871018 5353 1
346871018 5363 1
346871018 5373 1
346871018 5334 1
346871018 5354 1
346871018 5430 1
346871018 5450 1
346871018 5460 1
346871018 5470 1
346871018 5480 1
346871018 5431 1
346871018 5451 1
346871018 5461 1
346871018 5471 1
346871018 5481 1
346871018 5432 1
346871018 5452 1
346871018 5462 1
346871018 5472 1
346871018 5433 1
346871018 5453 1
346871018 5463 1
346871018 5434 1
485521059 5351 1
485521059 5330 1
485521059 5350 1
485521059 5360 1
485521059 5370 1
485521059 5380 1
485521059 5331 1
485521059 5361 1
485521059 5371 1
485521059 5381 1
485521059 5332 1
485521059 5352 1
485521059 5362 1
485521059 5372 1
485521059 5382 1
485521059 5353 1
485521059 5363 1
485521059 5383 1
485521059 5450 1
485521059 5460 1
485521059 5470 1
485521059 5480 1
485521059 5471 1
485521059 5452 1
485521059 5462 1
485521059 5472 1
485521059 5482 1
